9406,
10523,
10941,
11360,
12755,
13174,
13522,
14918,
15336,
15755,
18267,
19383,
19801,
20220,
21894,
22313,
22662,
23778,
24197,
24615,
27057,
28243,
28662,
29011,
30476,
30894,
31173,
32708,
33057,
33476,
35987,
37103,
37522,
37941,
39266,
39685,
40103,
41499,
41917,
42336,
44848,
49801,
50150,
51475,
51685,
51964,
52173,
54196,
54266,
54545,
55312,
55592,
55801,
56289,
58592,
58871,
59010,
59708,
59987,
60266,
60684,
60964,
61382,
61940,
62219,
62359,
63057,
63266,
63615,
64103,
64312,
67033,
67452,
67801,
68847,
69056,
69615,
69894,
71568,
71777,
72126,
72405,
72963,
73173,
73731,
76033,
76312,
76521,
76661,
77359,
77638,
77917,
78266,
78684,
79033,
79591,
79661,
80149,
80707,
80917,
81196,
81824,
82033,
83707,
84196,
84824,
85172,
85242,
85521,
86289,
86498,
86777,
87056,
87335,
87545,
88172,
88940,
89498,
89777,
90056,
90614,
90754,
90754,
91172,
92568,
92986,
93405,
93963,
94242,
94940,
95289,
95568,
95847,
96126,
96405,
96963,
97451,
97800,
98498,
98916,
99265,
99614,
99963,
99963,
101568,
101847,
101986,
102684,
107149,
107428,
107637,
108893,
109172,
109381,
109730,
111614,
112033,
112660,
113288,
115800,
116079,
116288,
116428,
116428,
117195,
117474,
117684,
118172,
118521,
118800,
119358,
119637,
119777,
120474,
120684,
120963,
121521,
121730,
122009,
123474,
123963,
124590,
124870,
125079,
125288,
125288,
126056,
126195,
126474,
126823,
127032,
127311,
127869,
128707,
129265,
129544,
129753,
130381,
130521,
130869,
131428,
132335,
132753,
133102,
133730,
133939,
134707,
135055,
135334,
135614,
135823,
136172,
136730,
137148,
137497,
138265,
138613,
139032,
139381,
139660,
139660,
141334,
141613,
141753,
142520,
150823,
151381,
151799,
153055,
153334,
153613,
153892,
155776,
155985,
156125,
156892,
157102,
157450,
157939,
160171,
160450,
160590,
161288,
161567,
161846,
162264,
162753,
163520,
163799,
163939,
164636,
164915,
165125,
165683,
165892,
167636,
167985,
168753,
169101,
169241,
169450,
170148,
170357,
170636,
170985,
171194,
171473,
172032,
172869,
173427,
173636,
173985,
174543,
174613,
175101,
175590,
176427,
176845,
177264,
177892,
178101,
178799,
179217,
179497,
179776,
180055,
180334,
180892,
181310,
181659,
182496,
182845,
183194,
183543,
183892,
183892,
187659,
188008,
188148,
188915,
200287,
200566,
200845,
201124,
201333,
201961,
209077,
209357,
209636,
209915,
210124,
210682,
217938,
218217,
218496,
218775,
218984,
219542,
226728,
227007,
227286,
227496,
227775,
228333,
